201500090
201500091
201500092
201500093
201500094
201500095
201500096
201500097
201500098
201500099
201500100
201500101
201500102
201500103
201500104
201500105
201500106
201500107
201500108
201500109
201500110
201500111
201500112
201500113
201500114
201500115
201500116
201500117
201500118
201500119
201500120
201500121
201500122
201500123
201500124
201500125
201500126
201500127
201500128
201500129
201500130
201500131
201500132
201500133
201500134
201500135
201500136
201500137
201500138
201500139
201500140

